2.045492 -0.384710 -0.226127 -0.132914 -0.078125 -0.045921 -0.026992 -0.015865 -0.009325 -0.006775
-0.384710 2.819364 -0.517625 -0.304252 -0.178835 -0.105117 -0.061786 -0.036317 -0.021347 -0.015509
-0.226127 -0.517625 3.741239 -0.563545 -0.331244 -0.194700 -0.114442 -0.067267 -0.039539 -0.028727
-0.132914 -0.304252 -0.563545 4.714248 -0.579411 -0.340569 -0.200181 -0.117664 -0.069161 -0.050248
-0.078125 -0.178835 -0.331244 -0.579411 5.704923 -0.584892 -0.343791 -0.202075 -0.118777 -0.086296
-0.045921 -0.105117 -0.194700 -0.340569 -0.584892 6.701701 -0.586786 -0.344904 -0.202729 -0.147292
-0.026992 -0.061786 -0.114442 -0.200181 -0.343791 -0.586786 7.700588 -0.587440 -0.345289 -0.250867
-0.015865 -0.036317 -0.067267 -0.117664 -0.202075 -0.344904 -0.587440 8.700203 -0.587666 -0.426964
-0.009325 -0.021347 -0.039539 -0.069161 -0.118777 -0.202729 -0.345289 -0.587666 9.700070 -0.726492
-0.006775 -0.015509 -0.028727 -0.050248 -0.086296 -0.147292 -0.250867 -0.426964 -0.726492 10.172173