A0=-2.95407
A1=0.0115517
A2=-0.160658
A3=-0.150254
A4=-2.04695
A5=0.0271514
A6=-0.0511607
A7=-0.0217069
A8=-2.96642
A9=-0.128081
A10=-2.06616
A11=-0.014573
A12=-0.996477
A13=0.0111269
A14=-2.95971
A15=-0.000196674
B1=0.138285
B2=0.0844524
B3=-0.0062958
B4=1.13237
B5=-0.0680874
B6=-2.12457
B7=0.0755861
B8=2.03382
B9=0.000845658
B10=-2.88322
B11=-0.0336124
B12=0.940929
B13=0.0485723
B14=-3.10946
B15=-0.0623522

Runtime was:0.176sec.