x[1]= -33.6371
x[2]= -32.2126
x[3]= -27.7581
x[4]= -25.5403
x[5]= -21.7331
x[6]= -19.0213
x[7]= -15.6198
x[8]= -12.5987
x[9]= -9.42974
x[10]= -6.2593
x[11]= -3.16276
x[12]= 0
x[13]= 3.18456
x[14]= 6.18363
x[15]= 9.61485
x[16]= 12.2898
x[17]= 16.1446
x[18]= 18.3052
x[19]= 22.8394
x[20]= 24.1622
