Определитель Матрицы А = -7.83887e+23

Число Обусловленности М = 583.123

Корни СЛАУ:
X1= -10.6283
X2= 0.449945
X3= 8.87769
X4= -6.53104
X5= 6.75698
X6= 6.17249
X7= 0.108995
X8= -6.6391
X9= 0.421628
X10= 3.022
X11= -11.4681
X12= 7.59611
X13= 6.80183
X14= 0.643114
X15= 1.64463
X16= 4.93886
X17= 1.82532
X18= -12.5603
X19= 6.056
X20= 1.50373
X21= -3.20046
X22= 6.30606
X23= 8.25797
X24= 4.42199
X25= -6.98334
X26= 8.43662
X27= -2.50706
X28= -7.73336
X29= 5.65154
X30= 5.30896
X31= 4.31294
X32= -0.527607
X33= 13.6898
X34= -1.15379
X35= -6.66684
X36= 5.58149
X37= -0.551074
X38= 0.011203
X39= 0.846481
X40= 15.3695
X41= 1.30693
X42= -0.66967
X43= 9.97769
X44= -2.57177
X45= -2.8546
X46= -0.995375
X47= 11.452
X48= -0.601222
X49= 3.71066
X50= 15.0807

Элементы обратной Матрицы А:
a1.1= 0.93237	a1.2= -0.807157	a1.3= 0.567533	a1.4= 0.140871	a1.5= -0.714803	a1.6= 0.0705647	a1.7= -0.270625	a1.8= 0.524593	a1.9= -0.693822	a1.10= 0.785295	a1.11= 0.382872	a1.12= -0.671238	a1.13= 0.454607	a1.14= -0.413215	a1.15= 0.0885301	a1.16= -0.74892	a1.17= 0.596389	a1.18= 0.29963	a1.19= -0.575526	a1.20= 0.942427	a1.21= -0.292518	a1.22= 0.0273385	a1.23= -0.605419	a1.24= 0.290493	a1.25= -0.0551488	a1.26= -0.712973	a1.27= 1.10608	a1.28= -0.249132	a1.29= 0.216063	a1.30= -0.166394	a1.31= 0.243121	a1.32= -0.252855	a1.33= -0.865564	a1.34= 0.928978	a1.35= -0.533846	a1.36= 0.255184	a1.37= 0.207285	a1.38= 0.372697	a1.39= -0.111362	a1.40= -0.706355	a1.41= 0.797082	a1.42= -0.918565	a1.43= 0.0773412	a1.44= 0.21027	a1.45= 0.318405	a1.46= 0.0784652	a1.47= -0.317838	a1.48= 0.926802	a1.49= -1.03231	a1.50= 0.00837172	
a2.1= -0.807157	a2.2= 1.49388	a2.3= -1.18341	a2.4= 0.378311	a2.5= 0.771349	a2.6= -0.702046	a2.7= 0.305173	a2.8= -0.686954	a2.9= 1.02568	a2.10= -1.28265	a2.11= 0.346884	a2.12= 0.929292	a2.13= -0.984068	a2.14= 0.773258	a2.15= -0.419553	a2.16= 0.702129	a2.17= -1.164	a2.18= 0.247323	a2.19= 0.752387	a2.20= -1.32789	a2.21= 1.08602	a2.22= -0.25857	a2.23= 0.538125	a2.24= -0.760433	a2.25= 0.298586	a2.26= 0.556473	a2.27= -1.59201	a2.28= 1.17544	a2.29= -0.397631	a2.30= 0.321423	a2.31= -0.333248	a2.32= 0.442201	a2.33= 0.524687	a2.34= -1.55953	a2.35= 1.2647	a2.36= -0.69091	a2.37= 0.0226858	a2.38= -0.132044	a2.39= 0.432255	a2.40= 0.512751	a2.41= -1.29162	a2.42= 1.49312	a2.43= -0.868395	a2.44= -0.134338	a2.45= -0.0943035	a2.46= 0.211148	a2.47= 0.330491	a2.48= -1.06338	a2.49= 1.7107	a2.50= -0.898419	
a3.1= 0.567533	a3.2= -1.18341	a3.3= 0.783053	a3.4= -0.167675	a3.5= -0.370105	a3.6= 0.687428	a3.7= -0.32551	a3.8= 0.6079	a3.9= -0.898433	a3.10= 0.678225	a3.11= -0.276888	a3.12= -0.669712	a3.13= 0.825262	a3.14= -0.524836	a3.15= 0.599236	a3.16= -0.508592	a3.17= 0.684896	a3.18= -0.191987	a3.19= -0.735583	a3.20= 0.863799	a3.21= -0.847827	a3.22= 0.439627	a3.23= -0.307586	a3.24= 0.593789	a3.25= -0.0222145	a3.26= -0.554112	a3.27= 1.0047	a3.28= -1.02918	a3.29= 0.318809	a3.30= -0.29671	a3.31= 0.302418	a3.32= 0.00329456	a3.33= -0.381972	a3.34= 1.16092	a3.35= -0.998061	a3.36= 0.427606	a3.37= -0.253207	a3.38= 0.00119217	a3.39= -0.107693	a3.40= -0.389715	a3.41= 1.12353	a3.42= -0.957164	a3.43= 0.673448	a3.44= -0.0963848	a3.45= -0.08727	a3.46= -0.139955	a3.47= -0.453638	a3.48= 0.896254	a3.49= -1.06953	a3.50= 0.817318	
a4.1= 0.140871	a4.2= 0.378311	a4.3= -0.167675	a4.4= -0.0350812	a4.5= 0.0153926	a4.6= -0.266547	a4.7= 0.153131	a4.8= -0.236295	a4.9= 0.339528	a4.10= -0.0518123	a4.11= 0.0533661	a4.12= 0.191228	a4.13= -0.282041	a4.14= 0.123128	a4.15= -0.317756	a4.16= 0.161971	a4.17= -0.0969304	a4.18= 0.0318756	a4.19= 0.31646	a4.20= -0.195289	a4.21= 0.246034	a4.22= -0.252145	a4.23= 0.0582782	a4.24= -0.177828	a4.25= -0.108024	a4.26= 0.260609	a4.27= -0.20711	a4.28= 0.354076	a4.29= -0.103925	a4.30= 0.115675	a4.31= -0.120115	a4.32= -0.178987	a4.33= 0.142037	a4.34= -0.338933	a4.35= 0.307645	a4.36= -0.0686555	a4.37= 0.185969	a4.38= 0.0327815	a4.39= -0.0920364	a4.40= 0.143511	a4.41= -0.416216	a4.42= 0.198974	a4.43= -0.183089	a4.44= 0.124632	a4.45= 0.0928307	a4.46= 0.0187036	a4.47= 0.250875	a4.48= -0.336124	a4.49= 0.20431	a4.50= -0.284402	
a5.1= -0.714803	a5.2= 0.771349	a5.3= -0.370105	a5.4= 0.0153926	a5.5= 0.407721	a5.6= -0.0628567	a5.7= 0.112532	a5.8= -0.25171	a5.9= 0.343881	a5.10= -0.508239	a5.11= -0.113269	a5.12= 0.363415	a5.13= -0.258241	a5.14= 0.254798	a5.15= -0.0088785	a5.16= 0.36642	a5.17= -0.399652	a5.18= -0.0896141	a5.19= 0.258864	a5.20= -0.535849	a5.21= 0.220482	a5.22= 0.0222649	a5.23= 0.313107	a5.24= -0.187119	a5.25= 0.102904	a5.26= 0.298877	a5.27= -0.640941	a5.28= 0.185348	a5.29= -0.120339	a5.30= 0.0845077	a5.31= -0.115907	a5.32= 0.226794	a5.33= 0.390363	a5.34= -0.525218	a5.35= 0.328015	a5.36= -0.194231	a5.37= -0.135038	a5.38= -0.180867	a5.39= 0.142421	a5.40= 0.324066	a5.41= -0.405664	a5.42= 0.55202	a5.43= -0.117519	a5.44= -0.143446	a5.45= -0.170861	a5.46= -0.00277136	a5.47= 0.106427	a5.48= -0.444557	a5.49= 0.63145	a5.50= -0.0644701	
a6.1= 0.0705647	a6.2= -0.702046	a6.3= 0.687428	a6.4= -0.266547	a6.5= -0.0628567	a6.6= 0.366888	a6.7= -0.046103	a6.8= 0.133847	a6.9= -0.242167	a6.10= 0.304338	a6.11= -0.377269	a6.12= -0.186488	a6.13= 0.33094	a6.14= -0.222445	a6.15= 0.213075	a6.16= -0.0245789	a6.17= 0.338183	a6.18= -0.281367	a6.19= -0.152118	a6.20= 0.266543	a6.21= -0.460666	a6.22= 0.150474	a6.23= 0.00336745	a6.24= 0.281273	a6.25= -0.120745	a6.26= 0.0251269	a6.27= 0.32838	a6.28= -0.540691	a6.29= 0.116861	a6.30= -0.101792	a6.31= 0.0710539	a6.32= -0.0931968	a6.33= 0.128935	a6.34= 0.411338	a6.35= -0.444249	a6.36= 0.250175	a6.37= -0.132696	a6.38= -0.115248	a6.39= -0.166083	a6.40= 0.0573362	a6.41= 0.34123	a6.42= -0.366531	a6.43= 0.443441	a6.44= -0.0442035	a6.45= -0.115047	a6.46= -0.15267	a6.47= -0.0466672	a6.48= 0.148035	a6.49= -0.427306	a6.50= 0.503654	
a7.1= -0.270625	a7.2= 0.305173	a7.3= -0.32551	a7.4= 0.153131	a7.5= 0.112532	a7.6= -0.046103	a7.7= 0.138237	a7.8= -0.205721	a7.9= 0.263512	a7.10= -0.0479433	a7.11= -0.192002	a7.12= 0.177382	a7.13= -0.141532	a7.14= 0.0670302	a7.15= -0.151662	a7.16= 0.23968	a7.17= -0.0317455	a7.18= -0.151383	a7.19= 0.264294	a7.20= -0.194771	a7.21= 0.0312346	a7.22= -0.120592	a7.23= 0.151816	a7.24= -0.0588811	a7.25= -0.118847	a7.26= 0.3249	a7.27= -0.206171	a7.28= 0.06636	a7.29= -0.0630468	a7.30= 0.0689561	a7.31= -0.0990536	a7.32= -0.122213	a7.33= 0.312046	a7.34= -0.232998	a7.35= 0.125598	a7.36= 0.0121102	a7.37= 0.0387944	a7.38= -0.0928321	a7.39= -0.11672	a7.40= 0.25388	a7.41= -0.294457	a7.42= 0.150361	a7.43= 0.0449985	a7.44= 0.0323046	a7.45= -0.0401195	a7.46= -0.0660239	a7.47= 0.216263	a7.48= -0.343188	a7.49= 0.14862	a7.50= 0.0108024	
a8.1= 0.524593	a8.2= -0.686954	a8.3= 0.6079	a8.4= -0.236295	a8.5= -0.25171	a8.6= 0.133847	a8.7= -0.205721	a8.8= 0.418732	a8.9= -0.570159	a8.10= 0.691316	a8.11= 0.189638	a8.12= -0.552675	a8.13= 0.418128	a8.14= -0.371605	a8.15= 0.0963307	a8.16= -0.567842	a8.17= 0.550414	a8.18= 0.15143	a8.19= -0.454586	a8.20= 0.785509	a8.21= -0.335457	a8.22= 0.037762	a8.23= -0.46022	a8.24= 0.288188	a8.25= -0.0904986	a8.26= -0.514326	a8.27= 0.92899	a8.28= -0.31369	a8.29= 0.190068	a8.30= -0.145912	a8.31= 0.19556	a8.32= -0.242947	a8.33= -0.614564	a8.34= 0.80215	a8.35= -0.510156	a8.36= 0.263822	a8.37= 0.141409	a8.38= 0.25733	a8.39= -0.145615	a8.40= -0.512677	a8.41= 0.670826	a8.42= -0.79637	a8.43= 0.171113	a8.44= 0.163179	a8.45= 0.222131	a8.46= 0.0173419	a8.47= -0.231484	a8.48= 0.722556	a8.49= -0.901707	a8.50= 0.124446	
a9.1= -0.693822	a9.2= 1.02568	a9.3= -0.898433	a9.4= 0.339528	a9.5= 0.343881	a9.6= -0.242167	a9.7= 0.263512	a9.8= -0.570159	a9.9= 0.843847	a9.10= -0.988328	a9.11= 0.239024	a9.12= 0.747646	a9.13= -0.789983	a9.14= 0.607613	a9.15= -0.363561	a9.16= 0.581942	a9.17= -0.898416	a9.18= 0.167833	a9.19= 0.634132	a9.20= -1.05436	a9.21= 0.84872	a9.22= -0.231853	a9.23= 0.436876	a9.24= -0.600213	a9.25= 0.202591	a9.26= 0.490242	a9.27= -1.25818	a9.28= 0.929283	a9.29= -0.319428	a9.30= 0.263002	a9.31= -0.276839	a9.32= 0.30688	a9.33= 0.456268	a9.34= -1.24614	a9.35= 1.00319	a9.36= -0.529342	a9.37= 0.0353802	a9.38= -0.112465	a9.39= 0.305853	a9.40= 0.438512	a9.41= -1.05627	a9.42= 1.17386	a9.43= -0.667216	a9.44= -0.0893274	a9.45= -0.0718078	a9.46= 0.15224	a9.47= 0.300993	a9.48= -0.884357	a9.49= 1.3398	a9.50= -0.701922	
a10.1= 0.785295	a10.2= -1.28265	a10.3= 0.678225	a10.4= -0.0518123	a10.5= -0.508239	a10.6= 0.304338	a10.7= -0.0479433	a10.8= 0.691316	a10.9= -0.988328	a10.10= 0.858001	a10.11= -0.0597116	a10.12= -0.801458	a10.13= 0.833138	a10.14= -0.582127	a10.15= 0.503117	a10.16= -0.706873	a10.17= 0.784503	a10.18= -0.0274297	a10.19= -0.811483	a10.20= 1.06636	a10.21= -0.784879	a10.22= 0.353225	a10.23= -0.491148	a10.24= 0.584878	a10.25= -0.042447	a10.26= -0.726	a10.27= 1.2448	a10.28= -0.907978	a10.29= 0.338621	a10.30= -0.300469	a10.31= 0.336506	a10.32= -0.105223	a10.33= -0.65539	a10.34= 1.29247	a10.35= -1.00169	a10.36= 0.441343	a10.37= -0.110703	a10.38= 0.155202	a10.39= -0.13277	a10.40= -0.595859	a10.41= 1.20703	a10.42= -1.13015	a10.43= 0.559811	a10.44= 0.0130873	a10.45= 0.0642056	a10.46= -0.0777679	a10.47= -0.484034	a10.48= 1.08269	a10.49= -1.26563	a10.50= 0.642914	
a11.1= 0.382872	a11.2= 0.346884	a11.3= -0.276888	a11.4= 0.0533661	a11.5= -0.113269	a11.6= -0.377269	a11.7= -0.192002	a11.8= 0.189638	a11.9= 0.239024	a11.10= -0.0597116	a11.11= 0.437246	a11.12= 0.0970914	a11.13= -0.33329	a11.14= 0.147729	a11.15= -0.366441	a11.16= -0.0713503	a11.17= -0.169642	a11.18= 0.32436	a11.19= 0.18471	a11.20= -0.0883808	a11.21= 0.453629	a11.22= -0.287967	a11.23= -0.127082	a11.24= -0.265848	a11.25= 0.00312905	a11.26= -0.0308161	a11.27= -0.100307	a11.28= 0.604241	a11.29= -0.10556	a11.30= 0.115648	a11.31= -0.0737701	a11.32= -0.122511	a11.33= -0.237307	a11.34= -0.306545	a11.35= 0.418255	a11.36= -0.174205	a11.37= 0.291558	a11.38= 0.21512	a11.39= 0.0344742	a11.40= -0.136763	a11.41= -0.342308	a11.42= 0.175667	a11.43= -0.454613	a11.44= 0.179943	a11.45= 0.242465	a11.46= 0.153991	a11.47= 0.126489	a11.48= -0.0993311	a11.49= 0.195835	a11.50= -0.591989	
a12.1= -0.671238	a12.2= 0.929292	a12.3= -0.669712	a12.4= 0.191228	a12.5= 0.363415	a12.6= -0.186488	a12.7= 0.177382	a12.8= -0.552675	a12.9= 0.747646	a12.10= -0.801458	a12.11= 0.0970914	a12.12= 0.482422	a12.13= -0.413004	a12.14= 0.405971	a12.15= -0.0138311	a12.16= 0.388311	a12.17= -0.672683	a12.18= 0.0697437	a12.19= 0.275784	a12.20= -0.744525	a12.21= 0.472276	a12.22= 0.0373106	a12.23= 0.351153	a12.24= -0.339605	a12.25= 0.256071	a12.26= 0.228003	a12.27= -0.909001	a12.28= 0.435905	a12.29= -0.179238	a12.30= 0.120182	a12.31= -0.135205	a12.32= 0.419339	a12.33= 0.321148	a12.34= -0.766225	a12.35= 0.563715	a12.36= -0.376021	a12.37= -0.156475	a12.38= -0.15511	a12.39= 0.327856	a12.40= 0.289142	a12.41= -0.538475	a12.42= 0.830971	a12.43= -0.363932	a12.44= -0.199706	a12.45= -0.170119	a12.46= 0.0928107	a12.47= 0.0482003	a12.48= -0.489312	a12.49= 0.966519	a12.50= -0.295292	
a13.1= 0.454607	a13.2= -0.984068	a13.3= 0.825262	a13.4= -0.282041	a13.5= -0.258241	a13.6= 0.33094	a13.7= -0.141532	a13.8= 0.418128	a13.9= -0.789983	a13.10= 0.833138	a13.11= -0.33329	a13.12= -0.413004	a13.13= 0.549136	a13.14= -0.370317	a13.15= 0.354741	a13.16= -0.248486	a13.17= 0.524962	a13.18= -0.242713	a13.19= -0.398135	a13.20= 0.559771	a13.21= -0.638325	a13.22= 0.252189	a13.23= -0.151312	a13.24= 0.424143	a13.25= -0.10338	a13.26= -0.221546	a13.27= 0.665904	a13.28= -0.750605	a13.29= 0.207769	a13.30= -0.184739	a13.31= 0.170743	a13.32= -0.0938795	a13.33= -0.104755	a13.34= 0.759652	a13.35= -0.6958	a13.36= 0.345854	a13.37= -0.158359	a13.38= -0.0504749	a13.39= -0.169494	a13.40= -0.145755	a13.41= 0.682363	a13.42= -0.661812	a13.43= 0.550522	a13.44= -0.0427704	a13.45= -0.0829442	a13.46= -0.150922	a13.47= -0.206339	a13.48= 0.478818	a13.49= -0.753476	a13.50= 0.633773	
a14.1= -0.413215	a14.2= 0.773258	a14.3= -0.524836	a14.4= 0.123128	a14.5= 0.254798	a14.6= -0.222445	a14.7= 0.0670302	a14.8= -0.371605	a14.9= 0.607613	a14.10= -0.582127	a14.11= 0.147729	a14.12= 0.405971	a14.13= -0.370317	a14.14= 0.238286	a14.15= -0.266952	a14.16= 0.437952	a14.17= -0.274642	a14.18= -0.13892	a14.19= 0.475189	a14.20= -0.508832	a14.21= 0.254552	a14.22= -0.196973	a14.23= 0.297506	a14.24= -0.224215	a14.25= -0.0845976	a14.26= 0.512069	a14.27= -0.576622	a14.28= 0.313978	a14.29= -0.157171	a14.30= 0.14871	a14.31= -0.188514	a14.32= -0.0578115	a14.33= 0.492395	a14.34= -0.600282	a14.35= 0.407092	a14.36= -0.12419	a14.37= 0.0485315	a14.38= -0.143367	a14.39= -0.0550657	a14.40= 0.417459	a14.41= -0.620371	a14.42= 0.487115	a14.43= -0.11669	a14.44= 0.00988117	a14.45= -0.071427	a14.46= -0.0396379	a14.47= 0.330864	a14.48= -0.63644	a14.49= 0.529194	a14.50= -0.163004	
a15.1= 0.0885301	a15.2= -0.419553	a15.3= 0.599236	a15.4= -0.317756	a15.5= -0.0088785	a15.6= 0.213075	a15.7= -0.151662	a15.8= 0.0963307	a15.9= -0.363561	a15.10= 0.503117	a15.11= -0.366441	a15.12= -0.0138311	a15.13= 0.354741	a15.14= -0.266952	a15.15= 0.175081	a15.16= -0.259088	a15.17= 0.389243	a15.18= -0.0729024	a15.19= -0.290874	a15.20= 0.462432	a15.21= -0.37714	a15.22= 0.114773	a15.23= -0.190523	a15.24= 0.267099	a15.25= -0.0793286	a15.26= -0.226345	a15.27= 0.550135	a15.28= -0.418239	a15.29= 0.142845	a15.30= -0.11952	a15.31= 0.125817	a15.32= -0.119468	a15.33= -0.204568	a15.34= 0.553154	a15.35= -0.447173	a15.36= 0.229917	a15.37= -0.0265958	a15.38= 0.0463544	a15.39= -0.124357	a15.40= -0.196843	a15.41= 0.477139	a15.42= -0.513445	a15.43= 0.295568	a15.44= 0.0303639	a15.45= 0.0251313	a15.46= -0.0658019	a15.47= -0.144581	a15.48= 0.399128	a15.49= -0.58454	a15.50= 0.316693	
a16.1= -0.74892	a16.2= 0.702129	a16.3= -0.508592	a16.4= 0.161971	a16.5= 0.36642	a16.6= -0.0245789	a16.7= 0.23968	a16.8= -0.567842	a16.9= 0.581942	a16.10= -0.706873	a16.11= -0.0713503	a16.12= 0.388311	a16.13= -0.248486	a16.14= 0.437952	a16.15= -0.259088	a16.16= 0.645499	a16.17= -0.60708	a16.18= -0.12538	a16.19= 0.612942	a16.20= -0.886853	a16.21= 0.470478	a16.22= -0.166449	a16.23= 0.486554	a16.24= -0.383781	a16.25= 0.0412668	a16.26= 0.638893	a16.27= -1.0376	a16.28= 0.504565	a16.29= -0.244193	a16.30= 0.205485	a16.31= -0.256019	a16.32= 0.157253	a16.33= 0.676928	a16.34= -0.978868	a16.35= 0.674018	a16.36= -0.30491	a16.37= -0.0449617	a16.38= -0.23608	a16.39= 0.105535	a16.40= 0.578708	a16.41= -0.883636	a16.42= 0.902924	a16.43= -0.275429	a16.44= -0.0997698	a16.45= -0.171599	a16.46= -0.00281692	a16.47= 0.355067	a16.48= -0.889174	a16.49= 1.01249	a16.50= -0.280747	
a17.1= 0.596389	a17.2= -1.164	a17.3= 0.684896	a17.4= -0.0969304	a17.5= -0.399652	a17.6= 0.338183	a17.7= -0.0317455	a17.8= 0.550414	a17.9= -0.898416	a17.10= 0.784503	a17.11= -0.169642	a17.12= -0.672683	a17.13= 0.524962	a17.14= -0.274642	a17.15= 0.389243	a17.16= -0.60708	a17.17= 0.857119	a17.18= -0.126617	a17.19= -0.668379	a17.20= 1.04364	a17.21= -0.816796	a17.22= 0.255594	a17.23= -0.446855	a17.24= 0.585783	a17.25= -0.160224	a17.26= -0.543566	a17.27= 1.23855	a17.28= -0.905041	a17.29= 0.319034	a17.30= -0.267703	a17.31= 0.287453	a17.32= -0.254561	a17.33= -0.503555	a17.34= 1.23886	a17.35= -0.985422	a17.36= 0.498838	a17.37= -0.049936	a17.38= 0.124579	a17.39= -0.258623	a17.40= -0.474288	a17.41= 1.07681	a17.42= -1.1467	a17.43= 0.626582	a17.44= 0.0716047	a17.45= 0.0722151	a17.46= -0.129861	a17.47= -0.341383	a17.48= 0.921967	a17.49= -1.30281	a17.50= 0.671149	
a18.1= 0.29963	a18.2= 0.247323	a18.3= -0.191987	a18.4= 0.0318756	a18.5= -0.0896141	a18.6= -0.281367	a18.7= -0.151383	a18.8= 0.15143	a18.9= 0.167833	a18.10= -0.0274297	a18.11= 0.32436	a18.12= 0.0697437	a18.13= -0.242713	a18.14= -0.13892	a18.15= -0.0729024	a18.16= -0.12538	a18.17= -0.126617	a18.18= 0.357918	a18.19= 0.162658	a18.20= -0.0218295	a18.21= 0.454153	a18.22= -0.310761	a18.23= -0.177867	a18.24= -0.258384	a18.25= -0.0110848	a18.26= -0.0726289	a18.27= -0.0202534	a18.28= 0.619802	a18.29= -0.0964407	a18.30= 0.112116	a18.31= -0.0632334	a18.32= -0.162092	a18.33= -0.305534	a18.34= -0.256241	a18.35= 0.402029	a18.36= -0.159378	a18.37= 0.329719	a18.38= 0.253971	a18.39= 0.0169828	a18.40= -0.189367	a18.41= -0.31092	a18.42= 0.112637	a18.43= -0.469008	a18.44= 0.211724	a18.45= 0.281959	a18.46= 0.164514	a18.47= 0.121168	a18.48= -0.046451	a18.49= 0.123317	a18.50= -0.622973	
a19.1= -0.575526	a19.2= 0.752387	a19.3= -0.735583	a19.4= 0.31646	a19.5= 0.258864	a19.6= -0.152118	a19.7= 0.264294	a19.8= -0.454586	a19.9= 0.634132	a19.10= -0.811483	a19.11= 0.18471	a19.12= 0.275784	a19.13= -0.398135	a19.14= 0.475189	a19.15= -0.290874	a19.16= 0.612942	a19.17= -0.668379	a19.18= 0.162658	a19.19= 0.220752	a19.20= -0.678249	a19.21= 0.520355	a19.22= 0.0243077	a19.23= 0.275709	a19.24= -0.3541	a19.25= 0.281957	a19.26= 0.122695	a19.27= -0.835894	a19.28= 0.499325	a19.29= -0.172187	a19.30= 0.115034	a19.31= -0.114245	a19.32= 0.420587	a19.33= 0.183283	a19.34= -0.723301	a19.35= 0.576128	a19.36= -0.39487	a19.37= -0.115567	a19.38= -0.0889286	a19.39= 0.355767	a19.40= 0.185077	a19.41= -0.491342	a19.42= 0.788488	a19.43= -0.437548	a19.44= -0.173404	a19.45= -0.1141	a19.46= 0.133261	a19.47= 0.00513746	a19.48= -0.390936	a19.49= 0.923244	a19.50= -0.383469	
a20.1= 0.942427	a20.2= -1.32789	a20.3= 0.863799	a20.4= -0.195289	a20.5= -0.535849	a20.6= 0.266543	a20.7= -0.194771	a20.8= 0.785509	a20.9= -1.05436	a20.10= 1.06636	a20.11= -0.0883808	a20.12= -0.744525	a20.13= 0.559771	a20.14= -0.508832	a20.15= 0.462432	a20.16= -0.886853	a20.17= 1.04364	a20.18= -0.0218295	a20.19= -0.678249	a20.20= 0.962898	a20.21= -0.681553	a20.22= 0.260515	a20.23= -0.451004	a20.24= 0.50837	a20.25= -0.0774668	a20.26= -0.610675	a20.27= 1.13102	a20.28= -0.766483	a20.29= 0.293077	a20.30= -0.252544	a20.31= 0.28496	a20.32= -0.159534	a20.33= -0.578804	a20.34= 1.13631	a20.35= -0.868907	a20.36= 0.40526	a20.37= -0.0493308	a20.38= 0.156489	a20.39= -0.159668	a20.40= -0.522875	a20.41= 1.02857	a20.42= -1.02477	a20.43= 0.486041	a20.44= 0.0513094	a20.45= 0.0886103	a20.46= -0.0715266	a20.47= -0.383876	a20.48= 0.931234	a20.49= -1.15385	a20.50= 0.534465	
a21.1= -0.292518	a21.2= 1.08602	a21.3= -0.847827	a21.4= 0.246034	a21.5= 0.220482	a21.6= -0.460666	a21.7= 0.0312346	a21.8= -0.335457	a21.9= 0.84872	a21.10= -0.784879	a21.11= 0.453629	a21.12= 0.472276	a21.13= -0.638325	a21.14= 0.254552	a21.15= -0.37714	a21.16= 0.470478	a21.17= -0.816796	a21.18= 0.454153	a21.19= 0.520355	a21.20= -0.681553	a21.21= 0.626945	a21.22= -0.277647	a21.23= 0.256507	a21.24= -0.440348	a21.25= 0.0575658	a21.26= 0.39463	a21.27= -0.799988	a21.28= 0.738077	a21.29= -0.235733	a21.30= 0.211592	a21.31= -0.217609	a21.32= 0.068182	a21.33= 0.298758	a21.34= -0.877237	a21.35= 0.738821	a21.36= -0.339243	a21.37= 0.137676	a21.38= -0.0259965	a21.39= 0.124794	a21.40= 0.298786	a21.41= -0.814877	a21.42= 0.756583	a21.43= -0.496532	a21.44= 0.0290407	a21.45= 0.028465	a21.46= 0.106362	a21.47= 0.300369	a21.48= -0.659344	a21.49= 0.851817	a21.50= -0.578054	
a22.1= 0.0273385	a22.2= -0.25857	a22.3= 0.439627	a22.4= -0.252145	a22.5= 0.0222649	a22.6= 0.150474	a22.7= -0.120592	a22.8= 0.037762	a22.9= -0.231853	a22.10= 0.353225	a22.11= -0.287967	a22.12= 0.0373106	a22.13= 0.252189	a22.14= -0.196973	a22.15= 0.114773	a22.16= -0.166449	a22.17= 0.255594	a22.18= -0.310761	a22.19= 0.0243077	a22.20= 0.260515	a22.21= -0.277647	a22.22= 0.203573	a22.23= -0.0891928	a22.24= 0.197732	a22.25= 0.0479661	a22.26= -0.233581	a22.27= 0.293354	a22.28= -0.363195	a22.29= 0.110687	a22.30= -0.111973	a22.31= 0.115718	a22.32= 0.085728	a22.33= -0.145383	a22.34= 0.38488	a22.35= -0.336921	a22.36= 0.113876	a22.37= -0.135464	a22.38= -0.0130789	a22.39= 0.0240668	a22.40= -0.146407	a22.41= 0.414588	a22.42= -0.279332	a22.43= 0.213461	a22.44= -0.0767825	a22.45= -0.0589056	a22.46= -0.0343052	a22.47= -0.207576	a22.48= 0.334757	a22.49= -0.303415	a22.50= 0.28866	
a23.1= -0.605419	a23.2= 0.538125	a23.3= -0.307586	a23.4= 0.0582782	a23.5= 0.313107	a23.6= 0.00336745	a23.7= 0.151816	a23.8= -0.46022	a23.9= 0.436876	a23.10= -0.491148	a23.11= -0.127082	a23.12= 0.351153	a23.13= -0.151312	a23.14= 0.297506	a23.15= -0.190523	a23.16= 0.486554	a23.17= -0.446855	a23.18= -0.177867	a23.19= 0.275709	a23.20= -0.451004	a23.21= 0.256507	a23.22= -0.0891928	a23.23= 0.491652	a23.24= -0.25314	a23.25= -0.00829201	a23.26= 0.646922	a23.27= -0.892523	a23.28= 0.249965	a23.29= -0.189665	a23.30= 0.156796	a23.31= -0.221725	a23.32= 0.124767	a23.33= 0.737752	a23.34= -0.789617	a23.35= 0.467362	a23.36= -0.192175	a23.37= -0.11391	a23.38= -0.292802	a23.39= 0.0355037	a23.40= 0.60573	a23.41= -0.721625	a23.42= 0.739187	a23.43= -0.069581	a23.44= -0.126551	a23.45= -0.230049	a23.46= -0.072974	a23.47= 0.32736	a23.48= -0.81844	a23.49= 0.822309	a23.50= -0.043194	
a24.1= 0.290493	a24.2= -0.760433	a24.3= 0.593789	a24.4= -0.177828	a24.5= -0.187119	a24.6= 0.281273	a24.7= -0.0588811	a24.8= 0.288188	a24.9= -0.600213	a24.10= 0.584878	a24.11= -0.265848	a24.12= -0.339605	a24.13= 0.424143	a24.14= -0.224215	a24.15= 0.267099	a24.16= -0.383781	a24.17= 0.585783	a24.18= -0.258384	a24.19= -0.3541	a24.20= 0.50837	a24.21= -0.440348	a24.22= 0.197732	a24.23= -0.25314	a24.24= 0.508417	a24.25= -0.209277	a24.26= -0.245538	a24.27= 0.928979	a24.28= -0.840667	a24.29= 0.249442	a24.30= -0.204816	a24.31= 0.193912	a24.32= -0.2646	a24.33= -0.177659	a24.34= 0.954796	a24.35= -0.832702	a24.36= 0.461219	a24.37= -0.0774216	a24.38= 0.00203734	a24.39= -0.296808	a24.40= -0.210219	a24.41= 0.787918	a24.42= -0.902468	a24.43= 0.646414	a24.44= 0.0432492	a24.45= -0.0144334	a24.46= -0.181752	a24.47= -0.176518	a24.48= 0.577787	a24.49= -1.03846	a24.50= 0.690549	
a25.1= -0.0551488	a25.2= 0.298586	a25.3= -0.0222145	a25.4= -0.108024	a25.5= 0.102904	a25.6= -0.120745	a25.7= -0.118847	a25.8= -0.0904986	a25.9= 0.202591	a25.10= -0.042447	a25.11= 0.00312905	a25.12= 0.256071	a25.13= -0.10338	a25.14= -0.0845976	a25.15= -0.0793286	a25.16= 0.0412668	a25.17= -0.160224	a25.18= -0.0110848	a25.19= 0.281957	a25.20= -0.0774668	a25.21= 0.0575658	a25.22= 0.0479661	a25.23= -0.00829201	a25.24= -0.209277	a25.25= -0.0729531	a25.26= 0.16143	a25.27= -0.166498	a25.28= 0.444765	a25.29= -0.104998	a25.30= 0.116825	a25.31= -0.105	a25.32= -0.165584	a25.33= 0.00922276	a25.34= -0.327839	a25.35= 0.347633	a25.36= -0.104016	a25.37= 0.227483	a25.38= 0.098436	a25.39= -0.0518427	a25.40= 0.0456798	a25.41= -0.393685	a25.42= 0.188065	a25.43= -0.278747	a25.44= 0.147759	a25.45= 0.148215	a25.46= 0.0657384	a25.47= 0.211416	a25.48= -0.255458	a25.49= 0.197666	a25.50= -0.395031	
a26.1= -0.712973	a26.2= 0.556473	a26.3= -0.554112	a26.4= 0.260609	a26.5= 0.298877	a26.6= 0.0251269	a26.7= 0.3249	a26.8= -0.514326	a26.9= 0.490242	a26.10= -0.726	a26.11= -0.0308161	a26.12= 0.228003	a26.13= -0.221546	a26.14= 0.512069	a26.15= -0.226345	a26.16= 0.638893	a26.17= -0.543566	a26.18= -0.0726289	a26.19= 0.122695	a26.20= -0.610675	a26.21= 0.39463	a26.22= -0.233581	a26.23= 0.646922	a26.24= -0.245538	a26.25= 0.16143	a26.26= 0.273827	a26.27= -0.745901	a26.28= 0.280425	a26.29= -0.143177	a26.30= 0.0983417	a26.31= -0.12378	a26.32= 0.301089	a26.33= 0.366728	a26.34= -0.619017	a26.35= 0.418529	a26.36= -0.263893	a26.37= -0.144294	a26.38= -0.172438	a26.39= 0.213342	a26.40= 0.312894	a26.41= -0.457802	a26.42= 0.660492	a26.43= -0.210829	a26.44= -0.165781	a26.45= -0.171871	a26.46= 0.0331729	a26.47= 0.0848534	a26.48= -0.463918	a26.49= 0.761581	a26.50= -0.151402	
a27.1= 1.10608	a27.2= -1.59201	a27.3= 1.0047	a27.4= -0.20711	a27.5= -0.640941	a27.6= 0.32838	a27.7= -0.206171	a27.8= 0.92899	a27.9= -1.25818	a27.10= 1.2448	a27.11= -0.100307	a27.12= -0.909001	a27.13= 0.665904	a27.14= -0.576622	a27.15= 0.550135	a27.16= -1.0376	a27.17= 1.23855	a27.18= -0.0202534	a27.19= -0.835894	a27.20= 1.13102	a27.21= -0.799988	a27.22= 0.293354	a27.23= -0.892523	a27.24= 0.928979	a27.25= -0.166498	a27.26= -0.745901	a27.27= 1.5073	a27.28= -0.857153	a27.29= 0.356654	a27.30= -0.291385	a27.31= 0.339893	a27.32= -0.333587	a27.33= -0.782079	a27.34= 1.42616	a27.35= -1.04697	a27.36= 0.528926	a27.37= 0.0544087	a27.38= 0.263377	a27.39= -0.273127	a27.40= -0.690819	a27.41= 1.22806	a27.42= -1.35128	a27.43= 0.557613	a27.44= 0.156043	a27.45= 0.199579	a27.46= -0.0774701	a27.47= -0.409303	a27.48= 1.15414	a27.49= -1.53184	a27.50= 0.56109	
a28.1= -0.249132	a28.2= 1.17544	a28.3= -1.02918	a28.4= 0.354076	a28.5= 0.185348	a28.6= -0.540691	a28.7= 0.06636	a28.8= -0.31369	a28.9= 0.929283	a28.10= -0.907978	a28.11= 0.604241	a28.12= 0.435905	a28.13= -0.750605	a28.14= 0.313978	a28.15= -0.418239	a28.16= 0.504565	a28.17= -0.905041	a28.18= 0.619802	a28.19= 0.499325	a28.20= -0.766483	a28.21= 0.738077	a28.22= -0.363195	a28.23= 0.249965	a28.24= -0.840667	a28.25= 0.444765	a28.26= 0.280425	a28.27= -0.857153	a28.28= 1.0459	a28.29= -0.28007	a28.30= 0.253052	a28.31= -0.229089	a28.32= 0.093891	a28.33= 0.0984517	a28.34= -1.01052	a28.35= 0.9469	a28.36= -0.463121	a28.37= 0.24923	a28.38= 0.0977271	a28.39= 0.215609	a28.40= 0.165603	a28.41= -0.921181	a28.42= 0.863521	a28.43= -0.76679	a28.44= 0.085092	a28.45= 0.14438	a28.46= 0.213919	a28.47= 0.285547	a28.48= -0.625684	a28.49= 0.981867	a28.50= -0.895437	
a29.1= 0.216063	a29.2= -0.397631	a29.3= 0.318809	a29.4= -0.103925	a29.5= -0.120339	a29.6= 0.116861	a29.7= -0.0630468	a29.8= 0.190068	a29.9= -0.319428	a29.10= 0.338621	a29.11= -0.10556	a29.12= -0.179238	a29.13= 0.207769	a29.14= -0.157171	a29.15= 0.142845	a29.16= -0.244193	a29.17= 0.319034	a29.18= -0.0964407	a29.19= -0.172187	a29.20= 0.293077	a29.21= -0.235733	a29.22= 0.110687	a29.23= -0.189665	a29.24= 0.249442	a29.25= -0.104998	a29.26= -0.143177	a29.27= 0.356654	a29.28= -0.28007	a29.29= 0.125949	a29.30= -0.134739	a29.31= 0.166283	a29.32= 0.190223	a29.33= -0.388634	a29.34= 0.446363	a29.35= -0.317256	a29.36= 0.0466422	a29.37= -0.129887	a29.38= 0.0777309	a29.39= 0.142376	a29.40= -0.333019	a29.41= 0.534133	a29.42= -0.295491	a29.43= 0.0777728	a29.44= -0.0878285	a29.45= -0.00391806	a29.46= 0.0467869	a29.47= -0.343409	a29.48= 0.533392	a29.49= -0.304134	a29.50= 0.161714	
a30.1= -0.166394	a30.2= 0.321423	a30.3= -0.29671	a30.4= 0.115675	a30.5= 0.0845077	a30.6= -0.101792	a30.7= 0.0689561	a30.8= -0.145912	a30.9= 0.263002	a30.10= -0.300469	a30.11= 0.115648	a30.12= 0.120182	a30.13= -0.184739	a30.14= 0.14871	a30.15= -0.11952	a30.16= 0.205485	a30.17= -0.267703	a30.18= 0.112116	a30.19= 0.115034	a30.20= -0.252544	a30.21= 0.211592	a30.22= -0.111973	a30.23= 0.156796	a30.24= -0.204816	a30.25= 0.116825	a30.26= 0.0983417	a30.27= -0.291385	a30.28= 0.253052	a30.29= -0.134739	a30.30= 0.109325	a30.31= -0.140659	a30.32= 0.121193	a30.33= 0.402715	a30.34= -0.552169	a30.35= 0.366665	a30.36= -0.174909	a30.37= -0.0567179	a30.38= -0.153413	a30.39= 0.0754075	a30.40= 0.340161	a30.41= -0.483432	a30.42= 0.525642	a30.43= -0.136773	a30.44= -0.0804092	a30.45= -0.121857	a30.46= -0.00727828	a30.47= 0.184141	a30.48= -0.501844	a30.49= 0.591777	a30.50= -0.124615	
a31.1= 0.243121	a31.2= -0.333248	a31.3= 0.302418	a31.4= -0.120115	a31.5= -0.115907	a31.6= 0.0710539	a31.7= -0.0990536	a31.8= 0.19556	a31.9= -0.276839	a31.10= 0.336506	a31.11= -0.0737701	a31.12= -0.135205	a31.13= 0.170743	a31.14= -0.188514	a31.15= 0.125817	a31.16= -0.256019	a31.17= 0.287453	a31.18= -0.0632334	a31.19= -0.114245	a31.20= 0.28496	a31.21= -0.217609	a31.22= 0.115718	a31.23= -0.221725	a31.24= 0.193912	a31.25= -0.105	a31.26= -0.12378	a31.27= 0.339893	a31.28= -0.229089	a31.29= 0.166283	a31.30= -0.140659	a31.31= 0.137303	a31.32= -0.134623	a31.33= -0.149842	a31.34= 0.63091	a31.35= -0.543685	a31.36= 0.284976	a31.37= -0.0659279	a31.38= 0.0075839	a31.39= -0.161794	a31.40= -0.16413	a31.41= 0.541608	a31.42= -0.579725	a31.43= 0.403724	a31.44= 0.013082	a31.45= -0.0124118	a31.46= -0.105685	a31.47= -0.148679	a31.48= 0.412008	a31.49= -0.662722	a31.50= 0.442097	
a32.1= -0.252855	a32.2= 0.442201	a32.3= 0.00329456	a32.4= -0.178987	a32.5= 0.226794	a32.6= -0.0931968	a32.7= -0.122213	a32.8= -0.242947	a32.9= 0.30688	a32.10= -0.105223	a32.11= -0.122511	a32.12= 0.419339	a32.13= -0.0938795	a32.14= -0.0578115	a32.15= -0.119468	a32.16= 0.157253	a32.17= -0.254561	a32.18= -0.162092	a32.19= 0.420587	a32.20= -0.159534	a32.21= 0.068182	a32.22= 0.085728	a32.23= 0.124767	a32.24= -0.2646	a32.25= -0.165584	a32.26= 0.301089	a32.27= -0.333587	a32.28= 0.093891	a32.29= 0.190223	a32.30= 0.121193	a32.31= -0.134623	a32.32= -0.0371603	a32.33= 0.243728	a32.34= -0.467252	a32.35= 0.371438	a32.36= -0.137514	a32.37= 0.0898672	a32.38= -0.0388383	a32.39= -0.00262391	a32.40= 0.223557	a32.41= -0.473373	a32.42= 0.374204	a32.43= -0.201529	a32.44= 0.0375329	a32.45= 0.00818502	a32.46= 0.021001	a32.47= 0.223755	a32.48= -0.41967	a32.49= 0.411734	a32.50= -0.257626	
a33.1= -0.865564	a33.2= 0.524687	a33.3= -0.381972	a33.4= 0.142037	a33.5= 0.390363	a33.6= 0.128935	a33.7= 0.312046	a33.8= -0.614564	a33.9= 0.456268	a33.10= -0.65539	a33.11= -0.237307	a33.12= 0.321148	a33.13= -0.104755	a33.14= 0.492395	a33.15= -0.204568	a33.16= 0.676928	a33.17= -0.503555	a33.18= -0.305534	a33.19= 0.183283	a33.20= -0.578804	a33.21= 0.298758	a33.22= -0.145383	a33.23= 0.737752	a33.24= -0.177659	a33.25= 0.00922276	a33.26= 0.366728	a33.27= -0.782079	a33.28= 0.0984517	a33.29= -0.388634	a33.30= 0.402715	a33.31= -0.149842	a33.32= 0.243728	a33.33= 0.671194	a33.34= -0.589043	a33.35= 0.276221	a33.36= -0.150183	a33.37= -0.240311	a33.38= -0.325225	a33.39= 0.0940448	a33.40= 0.532914	a33.41= -0.469661	a33.42= 0.628547	a33.43= 0.0534972	a33.44= -0.21224	a33.45= -0.299448	a33.46= -0.0896839	a33.47= 0.174302	a33.48= -0.624419	a33.49= 0.710014	a33.50= 0.147419	
a34.1= 0.928978	a34.2= -1.55953	a34.3= 1.16092	a34.4= -0.338933	a34.5= -0.525218	a34.6= 0.411338	a34.7= -0.232998	a34.8= 0.80215	a34.9= -1.24614	a34.10= 1.29247	a34.11= -0.306545	a34.12= -0.766225	a34.13= 0.759652	a34.14= -0.600282	a34.15= 0.553154	a34.16= -0.978868	a34.17= 1.23886	a34.18= -0.256241	a34.19= -0.723301	a34.20= 1.13631	a34.21= -0.877237	a34.22= 0.38488	a34.23= -0.789617	a34.24= 0.954796	a34.25= -0.327839	a34.26= -0.619017	a34.27= 1.42616	a34.28= -1.01052	a34.29= 0.446363	a34.30= -0.552169	a34.31= 0.63091	a34.32= -0.467252	a34.33= -0.589043	a34.34= 1.47151	a34.35= -1.14775	a34.36= 0.639229	a34.37= 0.0523784	a34.38= 0.188964	a34.39= -0.416724	a34.40= -0.549716	a34.41= 1.19813	a34.42= -1.43777	a34.43= 0.741492	a34.44= 0.179155	a34.45= 0.157426	a34.46= -0.167705	a34.47= -0.299769	a34.48= 1.0362	a34.49= -1.64813	a34.50= 0.736349	
a35.1= -0.533846	a35.2= 1.2647	a35.3= -0.998061	a35.4= 0.307645	a35.5= 0.328015	a35.6= -0.444249	a35.7= 0.125598	a35.8= -0.510156	a35.9= 1.00319	a35.10= -1.00169	a35.11= 0.418255	a35.12= 0.563715	a35.13= -0.6958	a35.14= 0.407092	a35.15= -0.447173	a35.16= 0.674018	a35.17= -0.985422	a35.18= 0.402029	a35.19= 0.576128	a35.20= -0.868907	a35.21= 0.738821	a35.22= -0.336921	a35.23= 0.467362	a35.24= -0.832702	a35.25= 0.347633	a35.26= 0.418529	a35.27= -1.04697	a35.28= 0.9469	a35.29= -0.317256	a35.30= 0.366665	a35.31= -0.543685	a35.32= 0.371438	a35.33= 0.276221	a35.34= -1.14775	a35.35= 1.01815	a35.36= -0.46625	a35.37= 0.252109	a35.38= 0.0373623	a35.39= 0.169236	a35.40= 0.309398	a35.41= -1.07869	a35.42= 0.966536	a35.43= -0.743132	a35.44= 0.0868652	a35.45= 0.108869	a35.46= 0.179213	a35.47= 0.391477	a35.48= -0.814123	a35.49= 1.08882	a35.50= -0.88132	
a36.1= 0.255184	a36.2= -0.69091	a36.3= 0.427606	a36.4= -0.0686555	a36.5= -0.194231	a36.6= 0.250175	a36.7= 0.0121102	a36.8= 0.263822	a36.9= -0.529342	a36.10= 0.441343	a36.11= -0.174205	a36.12= -0.376021	a36.13= 0.345854	a36.14= -0.12419	a36.15= 0.229917	a36.16= -0.30491	a36.17= 0.498838	a36.18= -0.159378	a36.19= -0.39487	a36.20= 0.40526	a36.21= -0.339243	a36.22= 0.113876	a36.23= -0.192175	a36.24= 0.461219	a36.25= -0.104016	a36.26= -0.263893	a36.27= 0.528926	a36.28= -0.463121	a36.29= 0.0466422	a36.30= -0.174909	a36.31= 0.284976	a36.32= -0.137514	a36.33= -0.150183	a36.34= 0.639229	a36.35= -0.46625	a36.36= 0.131118	a36.37= -0.11915	a36.38= 0.10471	a36.39= 0.0853079	a36.40= -0.406185	a36.41= 0.68906	a36.42= -0.48611	a36.43= 0.173247	a36.44= -0.0612925	a36.45= 0.0196468	a36.46= 0.0251977	a36.47= -0.38026	a36.48= 0.668684	a36.49= -0.522948	a36.50= 0.254605	
a37.1= 0.207285	a37.2= 0.0226858	a37.3= -0.253207	a37.4= 0.185969	a37.5= -0.135038	a37.6= -0.132696	a37.7= 0.0387944	a37.8= 0.141409	a37.9= 0.0353802	a37.10= -0.110703	a37.11= 0.291558	a37.12= -0.156475	a37.13= -0.158359	a37.14= 0.0485315	a37.15= -0.0265958	a37.16= -0.0449617	a37.17= -0.049936	a37.18= 0.329719	a37.19= -0.115567	a37.20= -0.0493308	a37.21= 0.137676	a37.22= -0.135464	a37.23= -0.11391	a37.24= -0.0774216	a37.25= 0.227483	a37.26= -0.144294	a37.27= 0.0544087	a37.28= 0.24923	a37.29= -0.129887	a37.30= -0.0567179	a37.31= -0.0659279	a37.32= 0.0898672	a37.33= -0.240311	a37.34= 0.0523784	a37.35= 0.252109	a37.36= -0.11915	a37.37= 0.0761542	a37.38= 0.0314493	a37.39= 0.0491559	a37.40= 0.0410235	a37.41= -0.247814	a37.42= 0.220267	a37.43= -0.205203	a37.44= 0.0309138	a37.45= 0.045839	a37.46= 0.0568316	a37.47= 0.0822259	a37.48= -0.166237	a37.49= 0.249474	a37.50= -0.244309	
a38.1= 0.372697	a38.2= -0.132044	a38.3= 0.00119217	a38.4= 0.0327815	a38.5= -0.180867	a38.6= -0.115248	a38.7= -0.0928321	a38.8= 0.25733	a38.9= -0.112465	a38.10= 0.155202	a38.11= 0.21512	a38.12= -0.15511	a38.13= -0.0504749	a38.14= -0.143367	a38.15= 0.0463544	a38.16= -0.23608	a38.17= 0.124579	a38.18= 0.253971	a38.19= -0.0889286	a38.20= 0.156489	a38.21= -0.0259965	a38.22= -0.0130789	a38.23= -0.292802	a38.24= 0.00203734	a38.25= 0.098436	a38.26= -0.172438	a38.27= 0.263377	a38.28= 0.0977271	a38.29= 0.0777309	a38.30= -0.153413	a38.31= 0.0075839	a38.32= -0.0388383	a38.33= -0.325225	a38.34= 0.188964	a38.35= 0.0373623	a38.36= 0.10471	a38.37= 0.0314493	a38.38= 0.14719	a38.39= -0.000445752	a38.40= -0.334582	a38.41= 0.429715	a38.42= -0.403771	a38.43= 0.0563014	a38.44= 0.0459814	a38.45= 0.105468	a38.46= 0.0373722	a38.47= -0.206844	a38.48= 0.470348	a38.49= -0.446099	a38.50= 0.0576955	
a39.1= -0.111362	a39.2= 0.432255	a39.3= -0.107693	a39.4= -0.0920364	a39.5= 0.142421	a39.6= -0.166083	a39.7= -0.11672	a39.8= -0.145615	a39.9= 0.305853	a39.10= -0.13277	a39.11= 0.0344742	a39.12= 0.327856	a39.13= -0.169494	a39.14= -0.0550657	a39.15= -0.124357	a39.16= 0.105535	a39.17= -0.258623	a39.18= 0.0169828	a39.19= 0.355767	a39.20= -0.159668	a39.21= 0.124794	a39.22= 0.0240668	a39.23= 0.0355037	a39.24= -0.296808	a39.25= -0.0518427	a39.26= 0.213342	a39.27= -0.273127	a39.28= 0.215609	a39.29= 0.142376	a39.30= 0.0754075	a39.31= -0.161794	a39.32= -0.00262391	a39.33= 0.0940448	a39.34= -0.416724	a39.35= 0.169236	a39.36= 0.0853079	a39.37= 0.0491559	a39.38= -0.000445752	a39.39= 0.140407	a39.40= 0.115498	a39.41= -0.417345	a39.42= 0.460163	a39.43= -0.329792	a39.44= -0.0141093	a39.45= 0.0117409	a39.46= 0.0901996	a39.47= 0.104226	a39.48= -0.30946	a39.49= 0.527816	a39.50= -0.357716	
a40.1= -0.706355	a40.2= 0.512751	a40.3= -0.389715	a40.4= 0.143511	a40.5= 0.324066	a40.6= 0.0573362	a40.7= 0.25388	a40.8= -0.512677	a40.9= 0.438512	a40.10= -0.595859	a40.11= -0.136763	a40.12= 0.289142	a40.13= -0.145755	a40.14= 0.417459	a40.15= -0.196843	a40.16= 0.578708	a40.17= -0.474288	a40.18= -0.189367	a40.19= 0.185077	a40.20= -0.522875	a40.21= 0.298786	a40.22= -0.146407	a40.23= 0.60573	a40.24= -0.210219	a40.25= 0.0456798	a40.26= 0.312894	a40.27= -0.690819	a40.28= 0.165603	a40.29= -0.333019	a40.30= 0.340161	a40.31= -0.16413	a40.32= 0.223557	a40.33= 0.532914	a40.34= -0.549716	a40.35= 0.309398	a40.36= -0.406185	a40.37= 0.0410235	a40.38= -0.334582	a40.39= 0.115498	a40.40= 0.51389	a40.41= -0.405828	a40.42= 0.608043	a40.43= 0.0807415	a40.44= -0.238044	a40.45= -0.319541	a40.46= -0.0919842	a40.47= 0.131343	a40.48= -0.574638	a40.49= 0.690876	a40.50= 0.193954	
a41.1= 0.797082	a41.2= -1.29162	a41.3= 1.12353	a41.4= -0.416216	a41.5= -0.405664	a41.6= 0.34123	a41.7= -0.294457	a41.8= 0.670826	a41.9= -1.05627	a41.10= 1.20703	a41.11= -0.342308	a41.12= -0.538475	a41.13= 0.682363	a41.14= -0.620371	a41.15= 0.477139	a41.16= -0.883636	a41.17= 1.07681	a41.18= -0.31092	a41.19= -0.491342	a41.20= 1.02857	a41.21= -0.814877	a41.22= 0.414588	a41.23= -0.721625	a41.24= 0.787918	a41.25= -0.393685	a41.26= -0.457802	a41.27= 1.22806	a41.28= -0.921181	a41.29= 0.534133	a41.30= -0.483432	a41.31= 0.541608	a41.32= -0.473373	a41.33= -0.469661	a41.34= 1.19813	a41.35= -1.07869	a41.36= 0.68906	a41.37= -0.247814	a41.38= 0.429715	a41.39= -0.417345	a41.40= -0.405828	a41.41= 1.05645	a41.42= -1.29005	a41.43= 0.755983	a41.44= 0.144577	a41.45= 0.0945354	a41.46= -0.194798	a41.47= -0.229684	a41.48= 0.858278	a41.49= -1.48476	a41.50= 0.762474	
a42.1= -0.918565	a42.2= 1.49312	a42.3= -0.957164	a42.4= 0.198974	a42.5= 0.55202	a42.6= -0.366531	a42.7= 0.150361	a42.8= -0.79637	a42.9= 1.17386	a42.10= -1.13015	a42.11= 0.175667	a42.12= 0.830971	a42.13= -0.661812	a42.14= 0.487115	a42.15= -0.513445	a42.16= 0.902924	a42.17= -1.1467	a42.18= 0.112637	a42.19= 0.788488	a42.20= -1.02477	a42.21= 0.756583	a42.22= -0.279332	a42.23= 0.739187	a42.24= -0.902468	a42.25= 0.188065	a42.26= 0.660492	a42.27= -1.35128	a42.28= 0.863521	a42.29= -0.295491	a42.30= 0.525642	a42.31= -0.579725	a42.32= 0.374204	a42.33= 0.628547	a42.34= -1.43777	a42.35= 0.966536	a42.36= -0.48611	a42.37= 0.220267	a42.38= -0.403771	a42.39= 0.460163	a42.40= 0.608043	a42.41= -1.29005	a42.42= 1.19553	a42.43= -0.626738	a42.44= 0.00257267	a42.45= -0.0445683	a42.46= 0.0958226	a42.47= 0.515618	a42.48= -1.13755	a42.49= 1.33891	a42.50= -0.725879	
a43.1= 0.0773412	a43.2= -0.868395	a43.3= 0.673448	a43.4= -0.183089	a43.5= -0.117519	a43.6= 0.443441	a43.7= 0.0449985	a43.8= 0.171113	a43.9= -0.667216	a43.10= 0.559811	a43.11= -0.454613	a43.12= -0.363932	a43.13= 0.550522	a43.14= -0.11669	a43.15= 0.295568	a43.16= -0.275429	a43.17= 0.626582	a43.18= -0.469008	a43.19= -0.437548	a43.20= 0.486041	a43.21= -0.496532	a43.22= 0.213461	a43.23= -0.069581	a43.24= 0.646414	a43.25= -0.278747	a43.26= -0.210829	a43.27= 0.557613	a43.28= -0.76679	a43.29= 0.0777728	a43.30= -0.136773	a43.31= 0.403724	a43.32= -0.201529	a43.33= 0.0534972	a43.34= 0.741492	a43.35= -0.743132	a43.36= 0.173247	a43.37= -0.205203	a43.38= 0.0563014	a43.39= -0.329792	a43.40= 0.0807415	a43.41= 0.755983	a43.42= -0.626738	a43.43= 0.475558	a43.44= -0.0831473	a43.45= -0.0824763	a43.46= -0.10405	a43.47= -0.307123	a43.48= 0.585886	a43.49= -0.699601	a43.50= 0.583461	
a44.1= 0.21027	a44.2= -0.134338	a44.3= -0.0963848	a44.4= 0.124632	a44.5= -0.143446	a44.6= -0.0442035	a44.7= 0.0323046	a44.8= 0.163179	a44.9= -0.0893274	a44.10= 0.0130873	a44.11= 0.179943	a44.12= -0.199706	a44.13= -0.0427704	a44.14= 0.00988117	a44.15= 0.0303639	a44.16= -0.0997698	a44.17= 0.0716047	a44.18= 0.211724	a44.19= -0.173404	a44.20= 0.0513094	a44.21= 0.0290407	a44.22= -0.0767825	a44.23= -0.126551	a44.24= 0.0432492	a44.25= 0.147759	a44.26= -0.165781	a44.27= 0.156043	a44.28= 0.085092	a44.29= -0.0878285	a44.30= -0.0804092	a44.31= 0.013082	a44.32= 0.0375329	a44.33= -0.21224	a44.34= 0.179155	a44.35= 0.0868652	a44.36= -0.0612925	a44.37= 0.0309138	a44.38= 0.0459814	a44.39= -0.0141093	a44.40= -0.238044	a44.41= 0.144577	a44.42= 0.00257267	a44.43= -0.0831473	a44.44= 0.109167	a44.45= 0.093269	a44.46= 0.00949439	a44.47= 0.136687	a44.48= -0.117322	a44.49= -0.0120929	a44.50= -0.157912	
a45.1= 0.318405	a45.2= -0.0943035	a45.3= -0.08727	a45.4= 0.0928307	a45.5= -0.170861	a45.6= -0.115047	a45.7= -0.0401195	a45.8= 0.222131	a45.9= -0.0718078	a45.10= 0.0642056	a45.11= 0.242465	a45.12= -0.170119	a45.13= -0.0829442	a45.14= -0.071427	a45.15= 0.0251313	a45.16= -0.171599	a45.17= 0.0722151	a45.18= 0.281959	a45.19= -0.1141	a45.20= 0.0886103	a45.21= 0.028465	a45.22= -0.0589056	a45.23= -0.230049	a45.24= -0.0144334	a45.25= 0.148215	a45.26= -0.171871	a45.27= 0.199579	a45.28= 0.14438	a45.29= -0.00391806	a45.30= -0.121857	a45.31= -0.0124118	a45.32= 0.00818502	a45.33= -0.299448	a45.34= 0.157426	a45.35= 0.108869	a45.36= 0.0196468	a45.37= 0.045839	a45.38= 0.105468	a45.39= 0.0117409	a45.40= -0.319541	a45.41= 0.0945354	a45.42= -0.0445683	a45.43= -0.0824763	a45.44= 0.093269	a45.45= 0.178409	a45.46= 0.0893058	a45.47= -0.191838	a45.48= 0.472793	a45.49= -0.397337	a45.50= -0.11684	
